model sparsity value min max neuron neuronmin neuronmax
0 10 -27.547712 -28.705596 -26.812990 4.617962 2.553617 7.253904
0 20 -18.646923 -20.545281 -15.788902 16.343875 14.479483 17.839723
0 30 -10.637489 -11.718651 -8.864819 25.282236 25.133179 25.395264
0 40 2.256618 1.634328 3.113246 38.077244 35.366026 41.684303
0 50 20.872953 19.085968 22.000513 62.604942 59.970338 65.350136
0 60 46.474629 44.598896 48.021828 98.276406 94.475744 100.420492
0 70 91.171834 89.344414 93.601660 160.905759 157.665313 163.723391
0 80 185.517565 178.559887 193.346788 276.964072 269.321756 284.696428
1 20 -23.709535 -25.021273 -21.717286 6.169384 5.080720 7.291211
1 30 -15.497933 -18.699800 -13.321230 18.397581 14.145865 26.062872
1 40 -3.586661 -5.151894 -1.104695 27.758628 14.188242 35.425093
1 50 13.447596 10.744854 17.091451 49.255304 36.292794 57.960751
1 60 39.928066 38.826530 42.085449 81.378849 77.809195 87.175488
